51808006
91360003
16383061000119100
38172006
405704002
16326461000119108
411251000119104
16332891000119103
582101000119108
16321631000119108
16332841000119106
241583000
16380771000119104
16335191000119103
16381631000119101
16381251000119109
16335271000119105
16381581000119104
16379741000119106
16334351000119105
16380821000119106
16335151000119108
16381681000119100
16381301000119103
16335311000119105
16381531000119100
16379791000119103
16334311000119109
241590005
241592002
241591009
566341000119106
16366771000119103
16368001000119106
566371000119104
384471000119103
16367501000119100
411771000119101
572061000119104
427111000119109
427101000119106
395081000119108
393151000119101
393161000119104
16335961000119107
385121000119106
385111000119104
566321000119100
383371000119108
412551000119107
412541000119105
383941000119102
386231000119109
409451000119101
409431000119107
409681000119106
410161000119102
386091000119101
411101000119107
411131000119100
410301000119100
410281000119104
410201000119107
386101000119106
410241000119109
386261000119101
386241000119100
410051000119103
410031000119109
493721000119100
489611000119101
410111000119100
410091000119108
430436009
383931000119106
384521000119100
572091000119106
16324581000119107
16324631000119105
412511000119106
388131000119100
572021000119109
383421000119102
383401000119106
495691000119108
393091000119105
429927002
411661000119104
433270008
434438003
383441000119108
383391000119109
429852004
383381000119106
431492000
383471000119101
395771000119107
430437000
492991000119105
386221000119106
409481000119108
409461000119104
409691000119109
410171000119108
386081000119104
411111000119105
411121000119103
410311000119102
410291000119101
410211000119105
386111000119109
410251000119106
386271000119107
386251000119103
410061000119101
410041000119100
386121000119102
489601000119104
410121000119107
410101000119103
411211000119100
411311000119108
16323751000119105
383761000119101
396111000119108
395561000119108
492661000119109
16334791000119101
527231000119104
411271000119108
411291000119109
444970007
572081000119108
394491000119101
383771000119107
16384781000119108
16384631000119104
16384731000119107
439475006
762008
18310007
90523008
83788002
74710000
20836009
113105001
75385009
26946001
168896008
56087001
16318121000119102
16318201000119102
16318161000119107
42869005
446315002
241195005
16380731000119102
16383611000119107
16381131000119108
16381491000119100
16382081000119104
16383361000119103
430326000
433214009
568781000119103
386041000119109
383881000119101
383911000119101
16382121000119102
16379951000119106
568771000119101
386051000119106
383891000119103
383901000119104
16382041000119109
16379901000119107
432603009
429865008
417925004
16410391000119107
420202009
419722002
16335031000119103
444585009
16334891000119106
16335081000119102
48633006
414141000119106
414131000119102
16383121000119106
395571000119102
390521000119106
409551000119100
425071000119109
414161000119105
414151000119108
489811000119100
437731000119100
16321761000119108
16333661000119102
16333621000119107
16383321000119108
16383281000119103
16380551000119100
16381961000119103
16381171000119106
16381351000119104
16335781000119100
16335481000119107
16379621000119107
16380591000119105
16382001000119107
16381211000119108
16381391000119109
16335621000119106
16335521000119107
16379661000119102
394501000119108
414121000119100
16377311000119100
16329211000119102
488991000119107
495661000119101
407651000119107
395611000119106
391421000119100
383321000119107
16327921000119107
16328021000119109
411911000119107
411301000119105
16327691000119101
489801000119103
16410231000119101
60443006
571891000119109
495741000119105
411611000119102
432815006
16334561000119101
16342871000119103
16324921000119103
16324971000119102
388161000119108
16324841000119100
437751000119106
16377711000119104
431625000
16377981000119107
16331381000119101
383121000119105
391621000119102
409621000119107
409601000119103
382921000119103
384491000119102
384581000119101
400131000119107
384711000119101
384571000119104
384561000119105
384731000119106
384721000119108
571431000119108
391661000119107
383141000119104
391681000119103
393221000119100
393231000119102
382941000119109
383821000119100
392941000119108
384961000119100
384511000119107
382961000119108
16344731000119104
394511000119106
41333006
394451000119106
16321331000119104
16321411000119100
241665001
388171000119102
382911000119105
411151000119106
16323611000119102
388181000119104
383311000119100
406561000119105
406571000119104
16342251000119108
16342171000119105
394461000119108
396161000119106
438281000119106
409801000119102
409791000119103
383131000119108
391611000119109
409651000119104
409631000119105
382931000119100
391631000119104
384501000119109
391581000119102
384681000119102
384481000119100
384451000119107
384741000119102
384771000119109
392881000119109
386151000119105
383151000119102
391671000119101
384011000119104
393141000119103
382951000119106
384551000119108
392931000119104
384951000119102
384701000119104
382971000119102
16344621000119109
495651000119103
409761000119105
409771000119104
388331000119103
388321000119101
413921000119104
409391000119102
409371000119103
409811000119104
409781000119101
412481000119104
412461000119108
16411441000119101
16334661000119100
57902003
16330091000119107
411571000119106
91333005
396171000119100
422781000119104
16411361000119107
16339441000119100
16339401000119102
388201000119103
388191000119101
16333021000119102
16333841000119100
16333901000119107
64387007
16325351000119108
16325401000119101
16325451000119102
16325301000119109
407381000119106
407541000119109
407421000119102
16318661000119103
407391000119109
394421000119103
383501000119107
413641000119102
383521000119103
413631000119106
383491000119100
385131000119109
486261000119109
383511000119105
413621000119108
16346721000119109
16315551000119106
395791000119108
392141000119106
16321081000119101
16318711000119108
16320031000119105
395731000119109
392171000119104
16317841000119102
16317761000119107
395761000119101
406451000119107
16346891000119101
392151000119108
16321131000119101
16318611000119101
16320081000119106
385481000119104
392161000119105
394401000119107
16346991000119108
16318901000119108
16318521000119109
395041000119103
392051000119109
16319171000119108
16319741000119102
16319081000119105
16319561000119105
59778004
388101000119107
388121000119103
388111000119105
68083009
388091000119102
241037002
