101071000119104
10706051000119100
22325002
274858002
372054004
10762561000119107
75183008
15633801000119105
15633841000119107
441772009
293432006
75100008
233985008
10706451000119109
690861000119109
10706411000119108
142121000119101
116289008
271860004
21522001
162042000
15634181000119107
439855007
25786006
439888000
116141000119103
15634131000119106
15634081000119106
15634221000119104
28241000119109
116131000119107
274530001
274533004
56925008
15633921000119109
15634001000119103
15633961000119104
15633881000119102
15634041000119101
167222005
44991000119100
301822002
439856008
161833006
267024001
341009
399963005
128477000
31928004
105419003
192123006
402599005
204245004
85151000119101
217082002
11381005
88616000
126949007
72129000
15632211000119104
98371000119102
18283000
11874581000119108
298991000119109
299001000119109
111566002
62479008
1151000119104
425434004
1075121000119103
1051000119103
11874301000119109
308101000119108
308111000119106
105999006
1075111000119105
203681002
74576004
68701004
201101007
85189001
28845006
10509002
65275009
10633002
394659003
521000119104
12237551000119104
12237631000119109
12237711000119106
132281000119108
350301000119104
350311000119101
443343001
195951007
1751000119100
135181000119109
69776003
10679551000119102
10676791000119107
91861009
57054005
401314000
140031000119103
285241000119103
443344007
10672271000119100
443253003
197456007
267530009
40541001
36689008
373895009
65710008
194289001
15805002
401303003
67195008
54398005
431309003
236433006
67905004
123845008
399490008
428054006
35602005
15635961000119100
301981000119107
301971000119109
17226007
47372000
57194009
7421000119105
66381006
55668003
386584007
97881000119105
90411000119103
90421000119105
90431000119108
141501000119106
141511000119109
90441000119104
90451000119102
90461000119100
90471000119106
90481000119109
90491000119107
90501000119100
90511000119102
90521000119109
129588001
144271000119102
144281000119104
144291000119101
144301000119100
144311000119102
144321000119109
144331000119107
144341000119103
144351000119101
144361000119104
207871000119100
237451000119100
149141000119102
62014003
370540009
409673008
15167005
66590003
61681000119104
61701000119101
25702006
191480000
420054005
235875008
41309000
274770006
389145006
61582004
156051000119109
21719001
56317004
68225006
68913001
191187006
88111009
419284004
26929004
14302001
48167000
84758004
21647008
6461009
30037006
195469007
240597001
39579001
442433009
271737000
10762261000119105
413532003
429564000
413533008
140151000119108
199246003
691421000119108
234347009
49708008
47100003
425963007
15631651000119107
15640181000119103
433068007
194828000
41291007
293500009
13045009
3289004
9631008
72779005
197232005
56882008
169665005
40801000119106
34842007
202888004
441781003
444551008
26843008
48694002
197480006
67362008
251036003
8722008
60234000
67754003
60573004
87486003
426965005
13094009
74400008
87715008
33595009
3723001
1074621000119108
1074821000119107
1074871000119108
1074641000119102
1074791000119104
1074581000119108
1074751000119109
1074831000119105
1074851000119104
1074591000119106
17791000119102
1074601000119104
1074761000119106
1074841000119101
1074861000119102
1074611000119101
427500003
428671008
389026000
23560001
422588002
89105000
195967001
405944004
91947003
129839007
20262006
46621007
81817003
441574008
12236911000119107
12237031000119103
12237151000119108
27214003
24079001
49436004
120041000119109
5370000
70142008
52441000
297147009
406506008
31177006
7461003
35253001
102589003
441086003
441087007
441099000
441114008
441088002
441115009
408856003
66944004
443325000
15635451000119107
15635411000119106
15635371000119105
15635331000119107
15635291000119101
310530008
147311000119109
66540002
5758002
501000119108
491000119101
53084003
419760006
44882003
302914006
402519009
254701007
12239621000119103
12239661000119108
1201005
10725009
109913001
111541001
266569009
236646007
269175006
15637151000119108
302981000119100
302991000119102
72352009
11873791000119101
350291000119100
1083001000119101
15636731000119104
678601000119100
679351000119102
347241000119107
12247731000119102
347131000119108
1082741000119107
1083211000119109
15631131000119108
15636651000119101
11874621000119108
284861000119104
426651005
12265501000119101
95722004
350321000119108
1083391000119105
346701000119104
12236121000119103
346221000119103
15632011000119105
12247851000119103
15640411000119103
1083621000119100
15632691000119105
15633131000119109
15638171000119103
12239421000119101
15635531000119102
15634551000119109
95820000
15636491000119108
1083811000119108
12247611000119100
345791000119100
1083241000119108
678671000119105
85502002
15631411000119109
345551000119102
345531000119108
15636001000119108
345291000119109
12239101000119100
345211000119100
15631531000119100
12242431000119109
15636041000119105
12265381000119102
345061000119109
15635211000119105
15632931000119101
15637311000119105
12239301000119102
113001000119106
1084261000119109
1084271000119103
12247221000119105
344471000119106
11873911000119108
12277551000119101
425802001
349101000119105
15633281000119103
303041000119104
11673631000119100
344211000119104
346061000119101
1084551000119109
344071000119102
15633241000119108
343861000119104
12246841000119103
15634631000119104
15630971000119102
15633361000119103
347601000119108
347591000119101
1084581000119102
12247771000119104
1084631000119104
15640121000119102
4831000119102
15636291000119109
11873951000119109
1099121000119108
347091000119106
349081000119103
679751000119101
343091000119103
10999361000119103
37389005
13746004
371596008
83225003
236633002
341921000119102
336311000119103
22950006
64779008
166922008
34436003
162863004
20010003
48867003
200142000
6096002
12295008
4120002
32398004
4386001
262528003
191983006
78004001
15630931000119100
15639961000119102
12236401000119102
303111000119104
12236441000119100
303091000119107
238108007
15640081000119104
303131000119109
303141000119100
15637191000119103
303191000119108
303261000119107
266474003
201040000
429265003
266158001
72605008
79740000
72934000
37344009
85005007
254900004
255121007
410429000
233927002
12265181000119104
441769002
441509002
89138009
8186001
85898001
439590007
129891007
419642000
441520002
396331005
128045006
200652002
206200000
55382008
128188000
275382005
230690007
62914000
425878001
202733008
285836003
285838002
252991009
127086001
11049006
54404000
387800004
65260001
71760005
279016001
416033009
416030007
279084009
29857009
102588006
81703003
253185002
351000119100
444862003
431000119100
91000119101
98661000119101
98671000119107
1621000119101
105629000
36209000
82403002
76581006
235888006
15636211000119100
303861000119106
303871000119100
11612004
111985007
191813001
191268006
426749004
631000119102
63480004
20824003
88805009
236069009
68154008
350331000119106
350341000119102
236071009
441530006
52702003
8493009
128302006
1371000119105
426896000
428173007
104931000119100
771000119108
431855005
751000119104
431856006
129181000119109
741000119101
433144002
284991000119104
129171000119106
90741000119107
731000119105
431857002
129151000119102
721000119107
433146000
711000119100
90791000119104
278860009
120601000119104
92814006
95657009
1121000119107
674051000119103
3061000119102
1761000119103
185086009
13645005
82423001
237067000
136791000119103
373621006
235494005
313182004
19905009
133971000119108
236425005
39871006
86094006
40055000
441481004
230471006
90979004
61977001
51611005
266468003
19943007
831000119103
19887002
1081571000119102
1081581000119104
269062008
10936641000119107
10925801000119101
10936601000119105
10925761000119109
10929681000119108
10929521000119105
10937921000119108
10929241000119101
10926201000119109
10930641000119109
10937041000119103
10926121000119109
81639003
10932641000119108
10932601000119106
91037003
10936161000119102
10936121000119107
10931601000119102
10931561000119102
10929641000119103
10741801000119106
10937881000119101
10929201000119103
10926161000119104
10930601000119107
10937001000119100
10926081000119107
10925521000119107
10925481000119107
207938004
451000119106
423590009
5891000119102
186431008
40917007
193031009
190634004
78267003
443265004
64226004
238744006
87691000119105
307132003
82272006
385093006
69124005
27885002
41040004
15631971000119109
15631931000119106
10738291000119106
4103001
427589004
193039006
12811000119100
81371004
44808001
194417009
15637111000119107
82525005
268223002
32361000119104
1161000119102
12235781000119107
15630371000119103
23407003
398696001
369071000119105
12235821000119102
15630411000119102
82297005
399020009
42343007
67441000119101
23341000119109
14760008
422065006
40275004
125667009
10050004
125668004
11864521000119103
284062002
428016006
11864481000119103
83291003
46014006
95726001
53741008
139011000119104
1641000119107
103011000119106
64109004
49727002
409663006
55300003
102549009
34000006
7620006
71186008
11859741000119109
11727381000119107
160618006
11859581000119105
11859541000119100
11859701000119107
11859661000119100
10743311000119103
47639008
15637791000119102
43077002
10734691000119101
31258000
10711371000119102
72325004
13277001
38822007
252005008
571000119103
141000119100
445548006
31031000119102
131078003
400192002
238107002
69195002
77547008
26538006
60937000
68675004
4046000
34095006
274625009
200144004
48782003
691471000119109
52448006
142811000119104
1591000119103
80967001
429487005
443143006
428982002
428937001
105502003
931000119107
366979004
94631000119100
35489007
297201000119108
15632291000119108
297211000119106
302838006
182782007
341061000119106
335451000119104
427186000
7632005
15637031000119103
10737321000119104
10737281000119109
1855002
248290002
280032002
1145003
126660000
46635009
31321000119102
44054006
1481000119100
420756003
424989000
422099009
49455004
422034002
10660471000119109
10661671000119102
93771000119109
91487003
62315008
62629000
3545003
418304008
109969005
79962008
31351000119105
10696621000119105
24982008
15633641000119106
15633601000119109
15633681000119101
15632571000119105
81308009
372109003
35046003
267431006
443700006
39021009
268672004
14304000
95677002
54319003
29164008
397881000
398050005
307496006
111359004
427910000
429430001
404640003
26416006
131601000119106
191816009
1461000119109
55680006
48606007
441668002
16386004
51868009
72007001
12238731000119100
12238771000119102
8011004
230782004
19155002
252030006
370992007
368551000119104
111231000119109
266599000
40739000
426033005
399563001
73391008
254818000
60845006
44186003
78667006
87065009
49650001
72366004
169241000
34801009
43116000
267038008
102576009
102572006
102594003
105593004
371622005
23681000119105
176271000119108
442347009
22761000119100
302690004
46177005
129103003
78623009
447801003
10691801000119105
386789004
235599003
419603000
31070006
79922009
84757009
12441001
428007007
271807003
165468009
127062003
240302002
301011002
28670008
16761005
59621000
109994006
192839001
281239006
96311000119109
425969006
15635251000119106
52613005
14094001
31387002
416189003
444486008
1431000119101
229665008
229733002
23913003
190966007
370247008
88201000119101
36440009
1912002
199047001
28332004
76799001
287981000119109
10624451000119103
275937001
312824007
1421000119104
430091005
297242006
427858005
429740004
430292006
154131000119108
154141000119104
143461000119107
1941000119104
154051000119101
154041000119103
430705002
2301000119106
429000004
429405004
429969003
414205003
275104002
160377001
266894000
160303001
160347007
160314003
160357008
275122004
160313009
43072008
84229001
41497008
409089005
72552008
24199005
75408008
6738008
227561004
428008002
39446004
60241006
130955003
12867002
22033007
63351000119104
63361000119102
144191000119109
92691000119106
386661006
15635681000119102
1080411000119102
1080421000119109
10878351000119105
10734851000119107
10734791000119107
24693007
51615001
203104007
24184005
270492004
57759005
247355005
247854002
190633005
13600006
75051000
229811005
200130005
125608002
248279007
197941005
193839007
165408006
95563007
445008009
15637831000119108
308661000119100
308741000119109
78809005
397825006
4556007
25374005
235595009
266433003
74474003
235675006
302109006
102614006
21897009
194849004
246545002
33839006
266113007
312099009
414341000
27503000
5158005
88889000
3716002
15628003
90560007
190828008
65508009
353295004
430933008
430099007
120001000119107
1631000119103
4754008
237036002
7011001
238539001
202472008
162249002
21983002
233683003
246636008
25064002
408679000
300228004
115321000119103
115311000119105
88610006
16331000
445514005
307759003
89538001
400210000
93469006
93471006
8765009
385494008
20022000
50582007
442733008
290861000119107
399187006
444751005
76050008
46248003
350601000119109
66857006
70153002
13920009
235871004
314706002
52515009
414396006
447072005
231477003
1475003
88594005
4740000
59819007
307116001
19442009
84089009
69741000
59393003
448834003
288291000119102
288301000119101
288311000119103
10878311000119109
134781000119106
399939002
161466001
275538002
161676006
161635002
161527007
312442005
161474000
275526006
161805006
161653008
161423008
161670000
399261000
161508001
161469008
161763005
407637009
275551007
267010000
161550001
161501007
321000119108
161481007
266998003
161525004
161528002
105651000119100
161765003
161512007
161633009
161487006
275881005
161626009
161515009
275536003
161511000
267020005
161414005
312489007
161548009
161558008
439956007
1361000119104
429047008
691201000119100
288361000119100
371434005
1231000119100
428251008
428043001
429677001
1351000119101
1341000119103
11008221000119108
1078601000119109
1078581000119100
1078701000119103
428529004
427851004
1078591000119102
1078691000119103
328021000119108
429025008
429007001
59261000119100
428534000
428535004
141401000119105
440140008
429993008
1901000119101
76631000119100
288411000119107
428882003
428075003
97121000119101
126081000119101
427816007
851000119109
428298000
428848009
32271000119102
427958009
118361000119100
293611000119101
371435006
88811000119104
15071000119107
11019311000119101
313217007
429164009
11018891000119108
109181000119101
53261000119103
38661000119109
428942009
841000119107
53301000119106
99261000119106
1281000119104
137871000119109
139461000119109
429721005
59851000119103
93871000119101
59151000119109
681221000119108
1271000119102
293201000119102
428804004
48901000119103
427762006
141821000119104
141431000119103
141281000119101
140231000119107
99051000119101
10977641000119108
428656009
68911000119107
59341000119105
1078551000119107
1078531000119101
1078671000119104
429009003
1078541000119105
1078661000119105
10996651000119103
116351000119103
293771000119100
59271000119106
10997291000119108
428053000
429014004
429087003
429484003
429699009
429089000
429090009
428262008
429084005
429050006
428941002
125411000119107
1251000119106
101231000119106
1241000119109
59301000119108
61531000119104
96321000119102
428046009
427749007
428582006
428310009
428810004
85921000119107
429255009
369111000119103
428305005
137751000119105
69311000119103
428283002
65181000119105
1301000119100
10761511000119101
427852006
429479009
429290001
427951003
429285004
141911000119100
10988081000119104
161665007
429205001
428077006
429219001
428072000
429654001
429498006
11008981000119102
65381000119107
1078501000119108
1078481000119104
1078641000119106
11007451000119100
429242008
1078491000119101
1078631000119102
129851000119108
329281000119107
10998291000119107
97631000119105
69551000119109
429024007
285721000119104
59161000119106
69831000119100
428275008
428486007
32681000119102
161615003
428661006
30801000119107
674191000119109
1087151000119108
428892006
53391000119100
1221000119103
36681000119101
438759003
428078001
429763009
10738891000119107
369101000119101
69671000119101
428079009
88611000119100
123341000119103
137761000119107
137731000119104
10998491000119106
1201000119107
1291000119101
70421000119103
427813004
70321000119108
50219008
32911000
165816005
240532009
55434001
26614003
230745008
43064006
66931009
13644009
80394007
367991000119101
368051000119109
14140009
55822004
137931000119102
85551004
39355002
66999008
19034001
20165001
49765009
89452002
237662005
77692006
140121000119100
140111000119107
38341003
132721000119104
64715009
46113002
443482000
34486009
302870006
45227007
19843006
111591002
66622006
372281005
17467004
46689006
35885006
21639008
268640002
119247004
97361000119109
5291005
302866003
120731000119103
43339004
190855004
89627008
4996001
416010008
386689009
40930008
40539002
428165003
389087006
10676831000119101
389086002
22722001
203639008
32273002
42265009
302111002
15637271000119105
310381000119102
310391000119104
442182001
38013005
9414007
82971005
48277006
15636331000119103
310411000119104
310401000119102
397803000
198036002
66347000
428697002
1181000119106
236037000
16863000
249288007
117551000119108
72042002
432352001
162116003
160931000119108
162031009
1335005
161838002
18311000119109
35363006
32811000119109
371061003
93211000119105
271558008
216051000119102
128869009
15635761000119103
422399001
422479008
1080101000119105
1080181000119102
128241005
417373000
6142004
95891005
400097005
102570003
49651000119102
193462001
1075541000119104
1075531000119108
561000119109
237599002
228156007
64996003
427603009
641000119106
40987004
90458007
5191000119106
233703007
58759008
73589001
1386000
302820008
15636951000119108
1079811000119104
1079821000119106
93616000
312081001
87522002
199248002
234340006
80182007
10743008
30588004
422504002
140911000119109
140921000119102
418363000
18165001
57676002
84445001
72047008
420270002
421750000
95570007
414564002
276789009
10959041000119109
10971051000119107
91273001
267425008
15635491000119102
80515008
131201000119108
427780002
38086007
1131000119105
161129001
301691000119102
1088111000119106
15634671000119101
678611000119102
342061000119102
341951000119105
12238511000119104
12240181000119103
63467002
284871000119105
285191000119103
12239221000119100
10633351000119109
341751000119107
348791000119109
1088521000119106
3541000119107
15630451000119101
341451000119100
12236161000119108
340951000119104
11780681000119108
15632611000119101
1088751000119106
15632771000119100
15633091000119107
10633191000119101
308291000119105
11769051000119104
12239461000119106
15635571000119104
11775051000119109
1076731000119106
1088891000119106
85232009
1391000119106
1401000119108
1088931000119103
11826591000119102
11782161000119109
340491000119104
340461000119106
1088371000119101
678681000119108
236022004
15631491000119100
340171000119105
11791081000119109
11760701000119108
312411000119100
339921000119104
301716002
12239141000119103
339571000119105
12242471000119107
290251000119106
18701000119107
339301000119109
15632971000119103
314591000119101
12239341000119100
1089331000119109
1089341000119100
12238591000119108
317511000119102
317531000119107
1075341000119107
11794601000119107
338701000119104
12241271000119101
12241911000119102
348511000119106
15633321000119108
338441000119105
335151000119107
1089551000119105
338301000119100
15633201000119106
338091000119108
11819131000119105
320021000119106
11892411000119102
12242551000119102
12241351000119100
15631571000119102
10999321000119108
347541000119109
23631000119109
1089581000119103
11824881000119105
11769771000119105
11819211000119105
313561000119106
291941000119106
320281000119104
12241711000119100
11830281000119103
1076751000119100
4841000119106
11778401000119109
12242071000119103
12239791000119107
323021000119103
292721000119107
11769731000119107
301715003
341891000119107
55827005
134401001
348461000119108
679761000119104
336981000119105
11826751000119104
11803011000119104
45939007
193731001
146801000119103
398744007
300457003
300331000
121000119106
289474006
111583006
84828003
4776004
25674000
53891004
386705008
93163002
109841003
85057007
166643006
166603001
300332007
9651007
79890006
44169009
279039007
9121000119106
300956001
45007003
126301000119106
126351000119105
126121000119104
54586004
87763006
307541003
30041000119101
202735001
279063004
202725007
128196005
239880009
67437007
209565008
46578006
2415007
123798002
48210000
165019004
309529002
30746006
234097001
19410003
83414005
397073000
97331000119101
407669000
15636411000119104
42810003
70747007
36923009
19527009
271795006
145071000119106
133391000119108
398175007
48723006
2904007
87872006
444620007
118600007
93655004
372130007
363406005
363478007
15634351000119102
15634311000119103
15634271000119103
168750009
268376005
422840005
425711007
432525007
94147001
299703001
425810000
74285003
297960002
444905003
87860000
237557003
428090004
445039006
171000119107
44772007
249135009
52324001
49472006
400096001
11256005
2901004
7180009
314631008
198436008
21801002
289903006
386692008
23186000
59455009
25998009
50122000
237602007
426873000
432415000
266096002
312210001
312975006
90781000119102
234349007
44666001
165474009
235753003
197940006
37796009
4473006
313296004
98581000119106
62231000119108
79298009
368711000119106
138881000119106
138911000119106
426979002
10676071000119109
10676191000119106
190603003
40379007
16607004
11851006
409712001
48724000
79619009
231504006
194429000
79341000119107
267434003
701000119103
413343005
428869006
54016002
28189009
313297008
10676351000119103
66631006
15639000
368741000119105
138891000119109
138921000119104
427295004
190602008
18818009
10676711000119103
40070004
40467008
109983007
277577000
46206005
21061000119107
292251000119105
292241000119108
37031009
418399005
56267009
237570007
35678005
130081000119101
109989006
445249002
24700007
68962001
301000119104
26544005
279069000
91637004
109995007
93611000119108
15635131000119105
15635171000119108
68235000
232209000
52756005
422587007
16932000
96361000119107
2919008
427461000
81680005
209557005
49706007
281610001
52767006
387712008
73749009
95087004
83270006
52254009
72274001
398064005
141481000119102
421326000
247398009
386033004
368581000119106
303011007
221000119102
276549000
12871000119108
56294008
288491000119103
42984000
50511000119109
139394000
1711000119101
8009008
166631000119101
197315008
311000119101
274668005
118601006
368721000119104
423121009
254637007
36241006
190237002
1076471000119103
1072931000119109
329601000119101
442685003
129834002
7058009
191883007
111000119104
60961000119107
138931000119101
42994005
445939008
67038005
5761000119100
21421000119109
15631171000119106
3696007
69840006
46737006
101000119102
102603008
81418003
50845008
2492009
563001
191736004
59848001
1101000119103
1091000119108
78275009
59614000
140671000119107
4210003
1755008
59566000
52073004
414941008
10956481000119101
10956681000119103
5602001
75544000
191821007
18941000
1071000119107
28651003
396275006
1074401000119101
1074421000119105
112971000119109
113011000119109
112991000119105
112981000119107
113041000119108
12241631000119102
12241671000119104
1074431000119108
1074441000119104
268054009
1074371000119104
1074381000119101
60168000
312894000
139291000119101
64859006
11314921000119107
11314881000119100
11311601000119109
238131007
144371000119105
144381000119108
144391000119106
144411000119106
11892761000119105
15631691000119102
15640221000119106
96241000119102
98921000119102
11874791000119104
15634511000119108
11874831000119105
81712001
426702003
316721000119104
316731000119101
316751000119107
316771000119103
316781000119100
316791000119102
287047008
316811000119103
316851000119102
316861000119100
287046004
316871000119106
316891000119107
316911000119109
316921000119102
316931000119104
287048003
316951000119105
316991000119100
63901009
34789001
267981009
162397003
15634591000119104
15634431000119102
80313002
75694006
127034005
225624000
371631005
35607004
56576003
1061000119101
255029007
64905009
60389000
160827005
91019004
49049000
32798002
282825002
427665004
195069001
67198005
12026006
66657009
429196001
119901000119109
83330001
204317008
274146004
146921000119104
38774000
391987005
432788009
429275000
13200003
446096008
1084361000119100
1089431000119103
80142000
1092041000119108
373945007
3238004
161541000119104
418763003
238751002
422166005
271809000
302226006
71791000119104
1511000119107
400047006
20696009
1021000119106
91669008
84027009
191997003
421986006
151811000119109
228146008
415081006
415082004
415086001
33449004
405737000
178371000119101
449826002
85224001
254956000
254963000
402296004
77252004
56454009
169957005
21850008
60046008
2237002
233604007
36118008
432807008
109992005
86203003
65323003
42345000
421707005
7339009
65576009
68496003
11314008
197433003
445273005
34742003
17920008
673641000119105
373108000
238699007
237527007
40425004
410567004
75803007
2177002
76742009
76498008
27059002
58703003
40791000119105
47821001
12246251000119100
22281000119101
47505003
398254007
51920004
178381000119103
22331000119109
250423000
4557003
103021001
284470004
10744051000119101
102889008
44001008
395507008
373717006
44223004
289733005
596004
82639001
41256004
99471000119101
10978291000119103
216601000119109
286981000119106
11000101000119105
10999881000119102
97741000119106
10999771000119108
10999921000119109
11000001000119106
225562005
10637031000119106
10637071000119109
10637111000119102
10637151000119101
10761241000119104
10761341000119105
11101091000119102
1701000119104
184811000119100
430335007
89461002
5084002
36348003
3972004
45221000119105
323291000119108
323301000119109
323311000119107
323321000119100
323251000119103
323261000119101
15637071000119100
93689003
93781006
371984007
353431000119107
353511000119101
354701000119107
372003004
93984006
354741000119109
372014001
318641000119101
318661000119102
318671000119108
318691000119109
318711000119107
318721000119100
277843001
73998008
42116007
240215009
202708005
1501000119109
154411000119109
9713002
29738008
157141000119108
90446007
95217000
9014002
33339001
425832009
151901000119101
69322001
19242006
59282003
70995007
4531000119100
267432004
45816000
7520000
4800001
21794005
235760009
11679003
396152005
309080005
195295006
991000119106
12063002
57773001
439469002
195677001
402894005
37323009
402892009
66344007
46244001
33135002
1090391000119101
44433009
197927001
8357008
13164000
426373005
160822004
15636991000119103
421893009
420279001
138601000119104
309088003
4308002
442212003
271825005
46775006
409622000
57089007
55735004
32914008
36485005
267064002
79267007
21779006
240131006
165746003
69896004
70076002
297217002
301701000119102
15636691000119106
678621000119109
336451000119108
336341000119104
12238551000119103
12240221000119106
59118001
284881000119108
285201000119100
12239261000119105
10633391000119104
336141000119102
348341000119102
1091131000119107
3551000119109
15630491000119106
335841000119103
12236201000119103
335341000119108
11780641000119103
15632651000119100
1091361000119101
15632731000119103
15633051000119102
10633231000119105
308301000119106
11768971000119104
12239501000119106
15635611000119108
11775011000119108
1076721000119108
1091501000119106
1076791000119105
1091541000119108
11826551000119107
11782121000119104
334881000119107
334851000119100
1090981000119103
678691000119106
236021006
15631451000119105
334571000119106
11791041000119104
11760661000119101
312421000119107
334321000119101
301754002
12239181000119108
333971000119101
12242511000119103
290261000119108
18711000119105
333701000119108
15633011000119103
314601000119108
12239381000119105
1091941000119101
1091951000119104
12238631000119108
317521000119109
317541000119103
1075331000119103
11794561000119107
333091000119104
12241311000119101
12241951000119101
348061000119100
15640441000119104
332831000119101
340761000119100
1092161000119106
332691000119101
15633171000119107
332481000119102
11819091000119108
320031000119109
11892371000119103
12242591000119107
12241391000119105
10999281000119103
347481000119103
23641000119100
1092191000119104
11824841000119100
11769651000119105
313551000119109
313571000119100
291951000119108
320291000119101
12241751000119104
11830241000119108
1076741000119102
4851000119108
11778361000119100
12242111000119105
12239831000119101
323031000119100
292651000119108
11769611000119109
301717006
336281000119100
348021000119105
679771000119105
331371000119103
11839351000119109
11803051000119103
398909004
302764009
47693006
311897005
31541009
70582006
68890003
58214004
298382003
46871008
367498001
445427006
86708008
50563003
156329007
6234006
31000119100
30238006
91478007
94181007
12246601000119101
94222008
94225005
94347008
94351005
353741000119106
94381002
94392001
94397007
353561000119103
94627008
86030004
44865000
88223008
356198000
91175000
15662003
398838000
37605006
53751009
194424005
425988004
1092461000119104
76571007
166717003
390943009
141551000119105
141561000119107
141571000119101
119131000119100
313299006
10675391000119101
251000119105
83911000119104
426656000
46764007
360549009
281000119103
28475009
119951000119108
10675751000119107
141581000119103
124621000119103
249388005
237836003
681000119101
36083008
16402000
77945009
411000119105
169826009
204470001
49710005
60423000
11092001
36971009
23006000
95324001
95319004
201091002
73430006
39898005
89911000119102
289195008
281255004
267258002
77176002
72863001
25501002
43982006
45352006
203095000
221360009
21881000119105
49263001
15631781000119105
15631741000119100
15631861000119105
76107001
83561009
9971000119105
18347007
141491000119104
16294009
274152003
17369002
80423007
11833631000119105
11833591000119105
12519004
36241000119108
254651007
233819005
168734001
35498005
442191002
197321007
83536006
371000119109
216621000119100
130551000119103
386138005
161882006
15634931000119109
321931000119102
321851000119100
22066006
430894003
360450007
41821000119108
56975005
43878008
73595000
166491000119100
63305008
427970008
54823002
428987008
10683351000119102
95325000
95453001
95279007
6471006
6456007
10743881000119104
30233002
15633761000119102
15636371000119100
1075071000119103
1075051000119107
12242351000119109
12242271000119108
12242391000119104
12242311000119108
81000119104
271594007
309585006
55004003
15637591000119109
322221000119102
322231000119104
76272004
690621000119103
139401000119108
139201000119107
43641000119102
55464009
417996009
120861000119102
3424008
341000119102
11861801000119106
11861761000119103
34840004
15637231000119107
15635881000119103
15635841000119108
1076591000119103
15630611000119100
1076581000119101
15630571000119109
398057008
66889002
40108008
399357009
10217006
279038004
274162005
387802007
54048003
302215000
6631009
312399001
237495005
82119001
568005
23924001
5441008
84849002
399029005
6020002
89765005
110483000
250018006
169039007
234947003
70070008
119891000119105
26389007
302108003
427419006
230736007
198967002
266257000
7550008
4296008
127295002
262952002
69051000119104
26079004
17155009
111287006
15637351000119106
323001000119107
323011000119105
444931001
442342003
65147003
169828005
164971000119101
66071002
313436004
10662631000119105
10662431000119107
10666391000119103
10647831000119100
10662671000119108
10662551000119100
10666431000119108
10647871000119102
64766004
292711000119100
292701000119103
200724002
396347007
1191000119109
248342006
98651000119103
83381000119109
204878001
239918008
416956002
10939881000119105
293861000119102
293871000119108
394616008
408418009
37372002
54150009
31054009
76618002
87557004
75088002
70650003
165232002
117561000119105
307534009
68566005
371438008
371093006
126485001
35746009
95315005
24976005
18973006
198268002
10761101000119105
271939006
1011000119104
500000
30800001
38907003
371108009
12237431000119106
15631821000119100
12237471000119109
12237511000119100
429998004
8229003
398665005
71897006
26001000119103
128060009
17338001
30288003
25569003
57019003
399153001
402567004
309084001
111843007
50711007
63102001
12184005
397540003
72000004
34713006
56727007
422400008
90325002
128105004
276372004
15633561000119109
15634971000119107
15633401000119107
15633481000119104
15633441000119109
15633521000119104
56018004
39848009
74390002
192000006
