id	effectiveTime	active	moduleId	refsetId	referencedComponentId	acceptabilityId
0001edee-3f3c-5fb2-afa2-99502c6ac153	20020131	1	900000000000207008	900000000000508004	388440015	900000000000548007
000372cb-9f92-54d8-81c1-be464f4f2d93	20040731	1	900000000000207008	900000000000508004	2468834018	900000000000548007
0003ba68-d2fd-5b9d-b9a3-044d8dd4741c	20020131	1	900000000000207008	900000000000508004	45153012	900000000000549004
0006e7c6-73de-5301-958b-46a81f7c651c	20080131	0	900000000000207008	900000000000508004	176719017	900000000000549004
000fb0e1-d092-5b96-bf9d-4fb9ceb1dc05	20030731	1	900000000000207008	900000000000508004	1780432011	900000000000548007
0010b0d3-fbf6-5999-8a1d-6645c0756dcc	20120731	1	900000000000207008	900000000000508004	2915721016	900000000000549004
0013d0bf-bd99-57ee-aa4f-b1137f181289	20020131	1	900000000000207008	900000000000508004	283017	900000000000548007
00153330-5a18-5412-b1a2-756fa98d1521	20020131	1	900000000000207008	900000000000508004	205780010	900000000000549004
001570ee-c77c-5d82-9b15-03959d7c4179	20020131	1	900000000000207008	900000000000508004	505948014	900000000000548007
00160905-bd9c-5e81-a0ea-b04d3f2af7a1	20020131	1	900000000000207008	900000000000508004	187433016	900000000000548007
00196ef4-344d-5341-af1c-b9d2f921c544	20070131	0	900000000000207008	900000000000508004	673972013	900000000000548007
001ec104-1ee9-5b24-a910-2bdf2a76a4b0	20020131	1	900000000000207008	900000000000508004	401800012	900000000000548007
00208b07-17a0-5ef3-8838-fe431afb2527	20020131	1	900000000000207008	900000000000508004	444201015	900000000000549004
00221b88-3099-50e7-82b5-1732b2619759	20070131	1	900000000000207008	900000000000508004	2638851011	900000000000548007
00268303-ceb1-57d0-afd8-5c4ee0b64cde	20020131	1	900000000000207008	900000000000508004	387927017	900000000000549004
00297e4c-a486-502a-a2e8-84c29c7d79b4	20020131	1	900000000000207008	900000000000508004	172884014	900000000000548007
002aeb95-0a42-4ba3-8c1a-20c888e54263	20120131	1	900000000000207008	900000000000508004	2914560012	900000000000548007
002cef3f-40b1-5fc5-9377-b0b3292ee868	20100131	1	900000000000207008	900000000000508004	2834255016	900000000000548007
00341904-8e3e-5ad2-a6dc-4eb7295be235	20020131	1	900000000000207008	900000000000508004	655025012	900000000000548007
00353823-36a3-5500-b582-189495fa1dbc	20020731	1	900000000000207008	900000000000508004	1233860011	900000000000549004
003bc3e3-bd3b-5ebe-8564-eae56a0291d4	20020131	1	900000000000207008	900000000000508004	59652015	900000000000549004
003cb81f-9c16-5351-af9c-97cb2a23cb2b	20080131	0	900000000000207008	900000000000508004	179233017	900000000000549004
003dac49-9ee5-54cc-97f7-8f1388f16c82	20020131	1	900000000000207008	900000000000508004	170421019	900000000000548007
003e6453-526d-5edf-9d76-cd146eb491f6	20020131	0	900000000000207008	900000000000508004	102419014	900000000000549004
003ebb8f-d923-576c-a03f-c903b3b6ad4b	20020131	1	900000000000207008	900000000000508004	206542018	900000000000548007
003f0bff-694d-5aec-8550-2ff48ee498e6	20020131	1	900000000000207008	900000000000508004	759499011	900000000000548007
003fbe15-6407-5e88-99d6-9e34482764de	20020131	1	900000000000207008	900000000000508004	651421019	900000000000548007
00427bd1-2604-5763-af29-12018f93df30	20050731	1	900000000000207008	900000000000508004	2549123013	900000000000548007
0043f506-21f1-523d-9b91-f634f3cf2679	20020131	1	900000000000207008	900000000000508004	152647011	900000000000548007
004bd61c-27f5-5aa5-a762-d8ad12490d19	20020131	1	900000000000207008	900000000000508004	112485019	900000000000549004
004d0e82-fec3-537e-8c7f-84bb17fab5bb	20020131	1	900000000000207008	900000000000508004	696951013	900000000000548007
004df5e1-944d-59f8-a378-e758211d75d5	20030131	1	900000000000207008	900000000000508004	1465212014	900000000000548007
004eef6c-4885-571d-ab99-9c676d6e7786	20070131	1	900000000000207008	900000000000508004	2646842012	900000000000549004
004f4c34-f51d-5d5d-88d9-60a063fc9e2d	20120731	0	900000000000207008	900000000000508004	2151026016	900000000000548007
004fd9c9-fe28-5343-b0c9-790556bae739	20020131	1	900000000000207008	900000000000508004	652567019	900000000000548007
0051182b-8558-5b98-9493-d816476cec26	20020131	1	900000000000207008	900000000000508004	38817011	900000000000548007
00524ae3-b083-5ebf-9928-ec5e83bd36f5	20020131	1	900000000000207008	900000000000508004	168016	900000000000548007
0056922f-9ce5-5416-a004-8eeee54936c8	20020131	1	900000000000207008	900000000000508004	127586013	900000000000549004
0056edda-7d28-5c01-a9af-b319fabe37f9	20020131	1	900000000000207008	900000000000508004	677167018	900000000000548007
00573cde-206e-5183-ad81-c456dd297855	20120731	0	900000000000207008	900000000000508004	2151105018	900000000000548007
00579180-a973-58dd-ab2b-dbd211bc1043	20080131	0	900000000000207008	900000000000508004	193223011	900000000000549004
0058409d-4abb-53c1-888c-5cedc5432205	20020131	1	900000000000207008	900000000000508004	799775017	900000000000548007
005ef775-eb4b-526f-8b5d-a72c49fd4cc0	20020731	1	900000000000207008	900000000000508004	1219476011	900000000000549004
005f6a85-085a-50c7-87e1-dcfa3e396204	20030131	1	900000000000207008	900000000000508004	1472345018	900000000000548007
005fdc31-75a1-54d8-832e-d1938f5154cf	20020131	1	900000000000207008	900000000000508004	107037012	900000000000548007
005fdca4-90e6-5105-b5de-6a14a7d81e2e	20030131	1	900000000000207008	900000000000508004	1477493016	900000000000548007
006239c0-68a6-5139-948e-e014147a411f	20060731	0	900000000000207008	900000000000508004	684957012	900000000000548007
0064b349-d784-5476-9770-9b51fd62da55	20020731	1	900000000000207008	900000000000508004	1198683010	900000000000548007
0066ef6b-fb3b-52c7-adf1-2311bb95cfc6	20040731	1	900000000000207008	900000000000508004	2468978011	900000000000548007
006955d2-b011-5315-92eb-f073b455d5e8	20030131	1	900000000000207008	900000000000508004	1481992018	900000000000548007
006b3dc9-888e-5e07-8f03-421b2ae5ef98	20080731	1	900000000000207008	900000000000508004	2772057013	900000000000549004
006e4d18-d164-589f-8dfa-15a29780fc9c	20070731	1	900000000000207008	900000000000508004	2670624019	900000000000549004
007053db-9a1b-55e1-915d-277feee3b317	20020131	1	900000000000207008	900000000000508004	73901014	900000000000549004
0070e7ec-d9cf-5dbd-ae57-1195c4b8fb6f	20020131	1	900000000000207008	900000000000508004	585370016	900000000000548007
00738809-e813-5dcc-a0da-5c92fea247f8	20020131	1	900000000000207008	900000000000508004	505718018	900000000000548007
007eeed4-3b4d-5351-a79a-d82838f63b35	20020131	1	900000000000207008	900000000000508004	251801019	900000000000548007
0080e47b-327c-5d0e-95d2-63ac524082a9	20020131	1	900000000000207008	900000000000508004	645592015	900000000000548007
008751aa-2aad-5958-88c8-191266d60c73	20020131	1	900000000000207008	900000000000508004	83997014	900000000000549004
008acc9f-36fe-5b5e-a0be-026dadefaa26	20120731	1	900000000000207008	900000000000508004	2916248013	900000000000549004
008ae9ca-e1d4-5dfd-be45-86f0014d4920	20020131	1	900000000000207008	900000000000508004	419202018	900000000000548007
008b9019-dd47-50da-bc0f-1087db54c2ae	20020131	1	900000000000207008	900000000000508004	388526019	900000000000548007
008e5d43-4819-514f-a1f3-33deb318edc7	20040731	1	900000000000207008	900000000000508004	2471511013	900000000000548007
009301f7-9996-5f93-8990-b94354b03b2e	20020131	1	900000000000207008	900000000000508004	455586012	900000000000548007
00969235-c26d-5b8c-8d04-33b27b5b1aa3	20020131	1	900000000000207008	900000000000508004	446380016	900000000000548007
00969954-a8b6-5b1b-80ca-2f1171b39f1c	20070731	1	900000000000207008	900000000000508004	2660857019	900000000000548007
0096da46-60c0-5f56-b16d-c015dfffa06d	20020131	1	900000000000207008	900000000000508004	677131013	900000000000548007
0096fc50-eb81-5ea6-b5cd-7a37b8ac3fe0	20020131	1	900000000000207008	900000000000508004	285377010	900000000000548007
009ca886-0264-574a-b80f-c65eee98f64c	20020131	1	900000000000207008	900000000000508004	575300012	900000000000548007
00a9990d-8fac-5623-8067-9c3b697ba68c	20020731	1	900000000000207008	900000000000508004	1224275014	900000000000549004
00aafdd5-8650-5eca-88a1-dc477154785b	20020131	1	900000000000207008	900000000000508004	110069012	900000000000548007
00ad6741-437f-5d2d-b2c9-9a569e07e8ee	20020131	1	900000000000207008	900000000000508004	822352017	900000000000548007
00afb0b3-08ba-58b1-b4bc-252571284c9f	20020731	1	900000000000207008	900000000000508004	1221605019	900000000000549004
00b71e40-cc52-566a-b67d-fd7d0e6e1b2e	20020131	1	900000000000207008	900000000000508004	391553011	900000000000548007
00b7e04d-c2c9-59c9-a2e0-8ff0f45526bc	20020131	1	900000000000207008	900000000000508004	478376013	900000000000548007
00b7f9ac-c2ed-5e2b-9592-32f4d6062cd2	20020731	1	900000000000207008	900000000000508004	1225964011	900000000000549004
00b8ed23-90e8-587e-8d94-4c16de1f21c4	20020131	1	900000000000207008	900000000000508004	37294012	900000000000548007
00bb7a78-4976-5d1f-89da-eca81a69a732	20020131	0	900000000000207008	900000000000508004	32063013	900000000000549004
00bd138b-5c88-544f-8068-19cf1dacc005	20020131	1	900000000000207008	900000000000508004	497765019	900000000000549004
00bda0fd-6fcc-5acb-b070-97ec192fa6a8	20020131	1	900000000000207008	900000000000508004	13417011	900000000000549004
00bea249-8dec-566c-9981-8073b7016d9c	20020131	1	900000000000207008	900000000000508004	815738014	900000000000548007
00c21caf-f839-56a8-98de-7d9aefbc9811	20020731	0	900000000000207008	900000000000508004	677938018	900000000000548007
00c5b80d-7778-58cb-89fa-57457407a7cb	20020131	1	900000000000207008	900000000000508004	120713010	900000000000549004
00c87510-fcc0-596f-932f-cb7e71ae6e8a	20030731	0	900000000000207008	900000000000508004	628078010	900000000000548007
00c940f1-a506-5275-8039-92ca264a1e6a	20060731	1	900000000000207008	900000000000508004	2617338018	900000000000548007
00c9e4f8-9f13-546b-b44d-bda832775b51	20020131	1	900000000000207008	900000000000508004	683226013	900000000000548007
00ca7898-d55f-500d-8f13-ce35e6eb5521	20020131	1	900000000000207008	900000000000508004	827915015	900000000000548007
00ca931a-7ee0-5555-8b28-167f53bf4332	20080731	1	900000000000207008	900000000000508004	2773068019	900000000000548007
00cb65f9-319f-5d9e-977f-5131fc9d03bb	20020131	1	900000000000207008	900000000000508004	190712010	900000000000549004
00cbcdbf-f165-578a-ad13-79f433d8859c	20020131	1	900000000000207008	900000000000508004	445976010	900000000000548007
00cd9bc1-0286-56bd-8e42-5af3330d666b	20080131	0	900000000000207008	900000000000508004	386685019	900000000000549004
00ce5617-5af7-5a19-b710-fea9f1eb580a	20020131	1	900000000000207008	900000000000508004	370487016	900000000000548007
00cf122d-518c-5e07-aab4-465cc9b5ddc9	20020731	1	900000000000207008	900000000000508004	1212161013	900000000000548007
00d00438-2e0f-57bd-b161-3693b36a269a	20020731	1	900000000000207008	900000000000508004	1229589018	900000000000549004
00d1c676-f352-5a82-8022-40b2f14c7bfa	20020131	1	900000000000207008	900000000000508004	828532012	900000000000548007
00d49a93-7d20-5d2c-9a89-4813de22efbf	20020131	1	900000000000207008	900000000000508004	347286017	900000000000548007
00dafb53-b73b-5834-81ea-961dae2c0a6c	20090131	1	900000000000207008	900000000000508004	2793109016	900000000000548007
00dc11e4-5c1b-5864-8c51-f815f58320bd	20030131	1	900000000000207008	900000000000508004	1495437014	900000000000549004
00dc8427-03db-5813-8082-d39b1283147b	20020131	0	900000000000207008	900000000000508004	27677012	900000000000549004
00f68fc2-a741-59c7-a140-20c3e73ade9a	20020131	1	900000000000207008	900000000000508004	358335018	900000000000548007
0252c550-5994-5ab8-9ccd-52a0fa279cf6	20020131	1	900000000000207008	900000000000508004	187095016	900000000000549004
0315687a-f2c1-55f4-8438-701a6ceaa332	20030131	1	900000000000207008	900000000000508004	1456754015	900000000000548007
03db0c73-36a5-5f9b-8a36-97ef5909c2e6	20030131	1	900000000000207008	900000000000508004	456529012	900000000000549004
044ea2e0-d9c5-5cc3-bc6c-eacf861306c6	20020131	0	900000000000207008	900000000000508004	127585012	900000000000549004
0472187e-632c-5ca8-b6b2-c6158dcb1b02	20020731	1	900000000000207008	900000000000508004	1224084016	900000000000549004
04d67b24-95ea-558f-a548-ecfa06fec45f	20020131	1	900000000000207008	900000000000508004	661414016	900000000000548007
05a720a4-62db-5e82-a0ed-80808640de72	20020131	1	900000000000207008	900000000000508004	13418018	900000000000549004
05e31286-e570-5c07-8e80-e7d5b0c51cc9	20020131	0	900000000000207008	900000000000508004	83994019	900000000000549004
07a00a2b-e94c-56b6-be87-d3cdb97177fe	20020131	1	900000000000207008	900000000000508004	697767017	900000000000548007
0c17f213-1b89-49b2-87f3-7390246a7b43	20120131	1	900000000000207008	900000000000508004	2914790015	900000000000548007
0c7deb1e-46e4-58b7-a3b7-3b18a56a4e0f	20120731	1	900000000000207008	900000000000508004	2916657014	900000000000549004
0d2172a4-3166-518c-ae9d-ca28cbeffe99	20020131	1	900000000000207008	900000000000508004	45149010	900000000000549004
0e11172f-4f3a-59dd-a328-9104ba9c092d	20020131	1	900000000000207008	900000000000508004	391552018	900000000000549004
100fe112-b74e-5cfb-80b1-57dba8b6b3d6	20020131	1	900000000000207008	900000000000508004	476501013	900000000000548007
1028e1b3-7b18-55df-be6f-df5e2effb5d0	20090731	1	900000000000207008	900000000000508004	2818378014	900000000000548007
10864874-53b0-5b3a-953d-8a2b886c5fc5	20020131	1	900000000000207008	900000000000508004	388533019	900000000000548007
1411c05d-a012-5a9a-9931-ec10d4d319d9	20020131	1	900000000000207008	900000000000508004	478733014	900000000000549004
15024163-1834-50ee-a5ce-f08f2635845c	20020131	1	900000000000207008	900000000000508004	478436019	900000000000548007
156bdf28-f899-5574-bd88-5dfad7622e51	20020131	1	900000000000207008	900000000000508004	767444013	900000000000548007
17473a8c-44ff-5984-90ec-5b95caf93fa3	20020131	1	900000000000207008	900000000000508004	94827010	900000000000549004
175461fe-0e25-52d3-a700-0a7a94fb842c	20030131	0	900000000000207008	900000000000508004	671568010	900000000000548007
175c4e51-15a8-5128-8365-ac4f063f7eb5	20020131	0	900000000000207008	900000000000508004	139582014	900000000000549004
17fb80dc-694f-5fd2-b88d-03c43e95ac13	20020131	1	900000000000207008	900000000000508004	548283017	900000000000548007
196463b2-1cdc-5132-93b4-76a7945812c5	20040731	1	900000000000207008	900000000000508004	2475550017	900000000000549004
1a3dd33b-bd14-51f9-a612-327b8a72b3e7	20020131	1	900000000000207008	900000000000508004	125009013	900000000000548007
1a84807c-4acb-5628-828e-c4428b44c96e	20020131	0	900000000000207008	900000000000508004	83357015	900000000000549004
1bd15455-cd23-59e2-8f8f-61beb47a36a7	20020131	1	900000000000207008	900000000000508004	83992015	900000000000548007
1d3850ff-0be6-50ed-a8d6-138e4cdb9557	20080131	0	900000000000207008	900000000000508004	148373010	900000000000549004
1dbe7662-5860-5616-b972-0912c1a25801	20020731	1	900000000000207008	900000000000508004	1215974010	900000000000549004
1e1a6415-0289-5a2d-ae49-2a9574761c3f	20020131	1	900000000000207008	900000000000508004	284168016	900000000000548007
1e1e420e-2f0c-5ccf-bd6e-6952e99da8e1	20020131	1	900000000000207008	900000000000508004	767103018	900000000000548007
1e4844f1-dcef-5ebc-932d-52263d1a5d0c	20020131	1	900000000000207008	900000000000508004	731667015	900000000000548007
211f8909-6847-584a-8875-dba9941dc723	20020731	1	900000000000207008	900000000000508004	1220328019	900000000000549004
2147eef3-e799-5f20-823a-eba3fd764164	20040731	1	900000000000207008	900000000000508004	2465228018	900000000000548007
2187c7a7-cbc3-5424-8d77-343284984a75	20020131	1	900000000000207008	900000000000508004	386686018	900000000000549004
2240c892-f1e9-57d9-bcc4-bd20454a79da	20020731	1	900000000000207008	900000000000508004	1225963017	900000000000549004
2309b5a3-a922-594f-a8f0-dc4080161f06	20020131	1	900000000000207008	900000000000508004	2879514011	900000000000548007
236ef2de-a166-566b-9d2b-e35ce496493d	20080131	1	900000000000207008	900000000000508004	2692113015	900000000000548007
2547c198-ccb1-54d5-8974-2c7f10ff747d	20020131	1	900000000000207008	900000000000508004	744891012	900000000000548007
2548294e-d88a-5df0-9562-d9c3ed1815fb	20020131	0	900000000000207008	900000000000508004	73897015	900000000000549004
25651f95-910c-5dc7-9308-050890347796	20060131	0	900000000000207008	900000000000508004	1187322012	900000000000548007
27c2382c-a1dc-53ef-b5fb-1923e3fc26ea	20040731	0	900000000000207008	900000000000508004	832391019	900000000000548007
2959f06b-77c6-5509-84e2-de9a50d2ab62	20020131	1	900000000000207008	900000000000508004	428593012	900000000000548007
295f6640-13f3-5805-ab4e-e127e6196318	20140131	1	900000000000207008	900000000000508004	2986747012	900000000000549004
2b5e223e-2803-5723-81ad-268322cee104	20060731	0	900000000000207008	900000000000508004	652687012	900000000000548007
2bd0eee2-4c14-51c7-bf30-2d34539e873b	20020131	0	900000000000207008	900000000000508004	120711012	900000000000549004
2d58298d-cbbf-5c99-a7ff-a89288bbfb69	20020131	1	900000000000207008	900000000000508004	486168016	900000000000548007
2d8a175e-da46-5742-b861-607a5b119d8c	20120731	1	900000000000207008	900000000000508004	2920602019	900000000000549004
2df7913f-60de-5378-8815-383bfcc5b001	20020731	1	900000000000207008	900000000000508004	1217167017	900000000000549004
2e66df3d-e9f9-53da-8499-289e275347df	20020131	1	900000000000207008	900000000000508004	698406010	900000000000548007
2fbf87dd-951e-5d3d-a10f-b28b50e7e721	20020131	1	900000000000207008	900000000000508004	143125014	900000000000549004
3011bdbc-4bf2-5b1c-8c50-20717b758c78	20020131	0	900000000000207008	900000000000508004	125177011	900000000000549004
30dd0c7a-16a2-508d-840e-827f19410364	20020131	1	900000000000207008	900000000000508004	807491013	900000000000548007
31b71a38-0a62-5635-882a-cd78fc5bfed7	20020131	1	900000000000207008	900000000000508004	48196015	900000000000549004
3271d11c-8d95-5374-8a4e-0c1cfbc3a00c	20120731	1	900000000000207008	900000000000508004	2916187019	900000000000549004
32e66756-e03e-5d53-85be-1343643c6a47	20020131	1	900000000000207008	900000000000508004	705561015	900000000000548007
33871876-15ac-5da2-89e6-53f468564fd9	20030731	1	900000000000207008	900000000000508004	1762910011	900000000000548007
33c7c392-a39a-5581-aa4e-453fce242b34	20020131	1	900000000000207008	900000000000508004	66588015	900000000000549004
34560a6f-28c6-5af1-a3e3-7a40de3fd6dc	20020131	1	900000000000207008	900000000000508004	817609018	900000000000548007
34ff3f9d-66c0-56e1-9006-a8fd672af797	20020131	1	900000000000207008	900000000000508004	102418018	900000000000548007
3545f698-b903-57f2-9ed5-87acca65788f	20020131	1	900000000000207008	900000000000508004	497768017	900000000000549004
3549fccc-5849-5534-ad3d-1bc3bebc5de5	20020731	1	900000000000207008	900000000000508004	1220275017	900000000000549004
3785daf5-c1cc-5c0e-a8f1-7a7d5fc6e6b7	20020131	0	900000000000207008	900000000000508004	83356012	900000000000549004
3949a0c8-308a-5b81-80ea-ab47e07558c9	20020131	0	900000000000207008	900000000000508004	120709015	900000000000549004
3c00864d-0513-53ba-9e04-36bc7cd6c98a	20020131	1	900000000000207008	900000000000508004	45145016	900000000000549004
3d6fb8dc-bf95-564c-b0f3-2ff8a6e2b5f9	20020131	0	900000000000207008	900000000000508004	127584011	900000000000549004
3da05a4d-7871-5bc4-bbf2-2226c06f2590	20020131	1	900000000000207008	900000000000508004	728469011	900000000000548007
4100e2dd-165a-521a-8e1c-ee1117866fc3	20090131	1	900000000000207008	900000000000508004	2788897011	900000000000548007
4173c8c4-2a03-5184-b8cb-c58b228d3d7e	20020131	1	900000000000207008	900000000000508004	101013017	900000000000548007
41b1d081-4cf9-5308-90a1-501894195ba5	20020131	0	900000000000207008	900000000000508004	31413012	900000000000549004
431b9331-9a92-5b38-893d-424ec9fc32bc	20120731	1	900000000000207008	900000000000508004	2916320010	900000000000549004
434f9912-90cd-5b4b-bb69-bb4ccb070b22	20020131	1	900000000000207008	900000000000508004	45151014	900000000000549004
4389eac8-5302-5767-8319-5d4cba672432	20020131	1	900000000000207008	900000000000508004	421914019	900000000000548007
440ae777-07e0-5e61-82cb-1fd179fac45e	20020131	1	900000000000207008	900000000000508004	648155013	900000000000548007
44ec74a7-ce1d-5424-b5a6-c9c94b1882b7	20120731	1	900000000000207008	900000000000508004	2915925016	900000000000548007
44f67edb-7adc-543f-9724-2f5d1fbcc4fa	20020131	1	900000000000207008	900000000000508004	495571011	900000000000549004
46a42f7f-77dc-57a1-988c-ae1ea84f8c55	20060731	1	900000000000207008	900000000000508004	2608186011	900000000000548007
492c1c30-0af8-5388-a64a-4acbed21e271	20080131	0	900000000000207008	900000000000508004	179171015	900000000000549004
49aae0df-9fbe-5aae-aa1b-46dce556f61b	20020131	0	900000000000207008	900000000000508004	101014011	900000000000549004
49fd9d25-053a-51d6-8c94-6170e5f31234	20120731	1	900000000000207008	900000000000508004	2916173019	900000000000549004
4ab75df4-bc09-5329-8d74-4ea5b4dfb7dc	20020131	0	900000000000207008	900000000000508004	73896012	900000000000549004
4aef75d2-0b97-5f40-b2fe-b445017fe2a8	20020131	1	900000000000207008	900000000000508004	473982018	900000000000549004
4b639b0d-dff7-5207-9c5f-9d73d2f32c46	20020131	1	900000000000207008	900000000000508004	134579018	900000000000548007
4b87bf93-7dc3-55dd-a28a-513c5220b4ec	20020131	0	900000000000207008	900000000000508004	59653013	900000000000549004
4be0f5fc-4ada-53fd-9497-0bfa66badfad	20020731	0	900000000000207008	900000000000508004	651265013	900000000000548007
4c92ad17-32e1-524c-8d71-1831b99ff7bc	20020131	1	900000000000207008	900000000000508004	731028010	900000000000548007
4d598041-3778-5088-8181-ac84b328a8ee	20020131	1	900000000000207008	900000000000508004	746707014	900000000000548007
4e139498-7d01-5f8a-b9a0-98c5b4c443ab	20020131	1	900000000000207008	900000000000508004	847019	900000000000548007
4eef17cc-9fbb-560e-8512-57ebdef936ce	20020131	1	900000000000207008	900000000000508004	382650016	900000000000548007
4f44c413-bd5e-5656-8811-336951861d8f	20140131	0	900000000000207008	900000000000508004	2606789016	900000000000548007
50bf755b-ff60-5b83-ae4c-375e0a50ed07	20020131	0	900000000000207008	900000000000508004	120710013	900000000000549004
50fec482-7bb4-515e-9c60-41aa3a400e35	20020131	1	900000000000207008	900000000000508004	259078011	900000000000548007
564570c8-0a11-533f-8c95-1391e64ab18b	20100131	0	900000000000207008	900000000000508004	2573697019	900000000000548007
569812e5-5cdb-5041-bebf-0786c48047fd	20090731	1	900000000000207008	900000000000508004	2818379018	900000000000548007
569c838b-4c04-5e9b-bd34-c6b5c3fdaad2	20020131	1	900000000000207008	900000000000508004	422194018	900000000000548007
576c8387-2c51-5899-bc09-f3876809abe2	20020131	1	900000000000207008	900000000000508004	94828017	900000000000549004
58532b9c-5f12-5575-845c-06f3af07ae16	20060731	1	900000000000207008	900000000000508004	2619991013	900000000000549004
59205b58-941a-5e28-954b-440215e0385e	20080131	0	900000000000207008	900000000000508004	179175012	900000000000549004
5921975b-ebf7-5c67-8667-1235a1be8966	20020131	1	900000000000207008	900000000000508004	568426017	900000000000548007
59ce43fc-abec-52dd-997d-d5da56fbdf91	20020131	1	900000000000207008	900000000000508004	815862011	900000000000548007
59d03d56-93d6-5a2c-a885-89c2ef3ecc69	20020731	1	900000000000207008	900000000000508004	1220397017	900000000000549004
5ae1b284-0af2-57ad-8942-88353171157d	20020131	1	900000000000207008	900000000000508004	477745019	900000000000549004
5b510e1f-d311-59b2-bc88-56c32da0fe02	20140131	1	900000000000207008	900000000000508004	2986683010	900000000000548007
5c6fd0f3-34c9-5617-87cd-60b70dbc5951	20120131	0	900000000000207008	900000000000508004	2690806014	900000000000548007
5cecb0fb-9aab-514e-83fc-c8fdcd410062	20020131	1	900000000000207008	900000000000508004	444205012	900000000000549004
5d5e50d0-d93a-5aea-9cb7-e9d59c3dcc9d	20020131	0	900000000000207008	900000000000508004	98735013	900000000000549004
5de33304-5945-5de2-a918-8e020febeb46	20020131	1	900000000000207008	900000000000508004	492358015	900000000000548007
5e9428c9-6ed3-5404-b041-599c1b09a124	20020131	0	900000000000207008	900000000000508004	38818018	900000000000549004
5f02be56-a090-5349-9d24-7ff93e513a43	20020131	0	900000000000207008	900000000000508004	98736014	900000000000549004
5f3bad47-b3c1-5b39-a92f-934070043c51	20120731	1	900000000000207008	900000000000508004	2916236010	900000000000548007
5f4c1295-d50d-5e39-960f-689f1f084906	20020131	0	900000000000207008	900000000000508004	83995018	900000000000549004
600bfe86-840d-5e12-845b-6290842df9a3	20030131	0	900000000000207008	900000000000508004	709476016	900000000000548007
606114db-0a86-5081-a9c9-eefa8fdc2541	20120731	1	900000000000207008	900000000000508004	2916324018	900000000000549004
60c731db-d11e-5975-b121-036831d4c1fc	20020131	1	900000000000207008	900000000000508004	139581019	900000000000549004
62418996-2871-5a14-9913-f87fdcf09141	20020131	1	900000000000207008	900000000000508004	776531014	900000000000548007
62e82d0d-1442-53ea-bb5a-9a74af30405b	20020131	1	900000000000207008	900000000000508004	788203016	900000000000548007
640c94d1-f8be-5f5c-9eb2-b0f4ebddf30a	20020131	1	900000000000207008	900000000000508004	486259013	900000000000548007
642324ca-0e11-533a-af7d-f8033a1bb13d	20020131	1	900000000000207008	900000000000508004	138775019	900000000000549004
657650db-3e4b-5405-b1cb-9512dac6ec8d	20020131	1	900000000000207008	900000000000508004	795595015	900000000000548007
65d4a5d8-e119-58f0-8dc6-938787353532	20020131	1	900000000000207008	900000000000508004	698800013	900000000000548007
65e3064b-1c5c-59a2-9a28-24a79a4653b6	20120731	0	900000000000207008	900000000000508004	2158773013	900000000000548007
66ccbee3-889a-50f4-bd60-c64834f2551e	20070131	1	900000000000207008	900000000000508004	2638672012	900000000000548007
6922f499-145d-55b6-a056-a2ae0d630695	20080731	1	900000000000207008	900000000000508004	2710386014	900000000000548007
6935c423-e604-5754-b7f1-5d92e713abd5	20020131	1	900000000000207008	900000000000508004	173980012	900000000000548007
6942f107-7626-53c2-b068-5228a6b5ff12	20020131	1	900000000000207008	900000000000508004	503385010	900000000000549004
698526a2-73d4-5652-b61b-62e49020abd3	20020131	1	900000000000207008	900000000000508004	815817012	900000000000548007
698e296f-d831-5ef6-bed3-fc8811d1272c	20020731	1	900000000000207008	900000000000508004	1220278015	900000000000549004
6a7f9ced-1793-5ff3-930c-7dda864a3f5e	20060131	1	900000000000207008	900000000000508004	2571117013	900000000000548007
6bb57835-7d6a-5702-8e32-55fb2aeb84bf	20020131	1	900000000000207008	900000000000508004	379262019	900000000000548007
6d501f6c-68b4-5e6e-9758-ca3ebb4277ce	20020131	1	900000000000207008	900000000000508004	611775011	900000000000548007
6d8e4122-7b50-5048-84cf-18c08d122266	20020731	1	900000000000207008	900000000000508004	1215973016	900000000000549004
6e7c18f3-4fb0-58f5-99aa-6e362630202c	20070731	1	900000000000207008	900000000000508004	2670002018	900000000000549004
6ebdad33-0699-5774-8c87-d4ddf73eaa7d	20020131	1	900000000000207008	900000000000508004	638441011	900000000000548007
6edcd6ce-22c0-577c-bd59-13446dd01c3e	20020131	1	900000000000207008	900000000000508004	825953014	900000000000548007
6f8d896c-213e-5aa5-b6cf-f29bd02eff2e	20030131	1	900000000000207008	900000000000508004	1462100012	900000000000548007
707a2359-faa7-59d4-89c6-effdf3a5b105	20020131	1	900000000000207008	900000000000508004	444202010	900000000000549004
71ab6505-2553-5808-8acf-c74665bf1ab8	20120731	1	900000000000207008	900000000000508004	2915340012	900000000000549004
72a174db-4e10-58c8-b872-e466a4c866cd	20020131	1	900000000000207008	900000000000508004	48195016	900000000000548007
73254b77-0527-59ee-8b76-e2a944a8e77e	20030731	1	900000000000207008	900000000000508004	1769160019	900000000000548007
735ddd64-3e67-5fdf-bece-03a5b50162e7	20020131	1	900000000000207008	900000000000508004	98739019	900000000000549004
736d1c6b-2959-4a54-9c26-03bf1ae6d97c	20120131	1	900000000000207008	900000000000508004	2914573011	900000000000549004
73ae9bd4-05cc-57d4-a558-d8f6bf6c5099	20020131	1	900000000000207008	900000000000508004	651283017	900000000000548007
73e46220-297c-56c8-8ebe-7400625cd012	20020131	1	900000000000207008	900000000000508004	497766018	900000000000549004
741a47b5-eb6d-537a-89a9-d66066069f79	20020131	1	900000000000207008	900000000000508004	31412019	900000000000548007
7506d22d-db84-5a26-b612-29ac58bf6990	20020131	0	900000000000207008	900000000000508004	98737017	900000000000549004
753047e9-8c2d-5644-9c79-434c0c602a48	20020131	1	900000000000207008	900000000000508004	94826018	900000000000548007
754a8a13-61a2-58c6-be1a-edd9576526f2	20020131	1	900000000000207008	900000000000508004	497764015	900000000000549004
761064ba-ff5d-591f-b1c5-7089c9b80a55	20020731	1	900000000000207008	900000000000508004	1233847017	900000000000549004
76400209-0db4-5e13-8020-c0afabd93977	20070131	0	900000000000207008	900000000000508004	798284014	900000000000548007
76a8c983-f124-51bd-bf0d-e4b9428b1bff	20020131	1	900000000000207008	900000000000508004	32062015	900000000000548007
77247b03-ddae-52ba-9b80-5833133b1fc5	20020131	1	900000000000207008	900000000000508004	502938018	900000000000548007
7815479d-89ef-5391-8372-0bbe02fe618c	20020131	0	900000000000207008	900000000000508004	190710019	900000000000549004
792ff9b4-36f7-5190-b300-a0f1ee44e044	20020131	0	900000000000207008	900000000000508004	27676015	900000000000549004
7acefb3f-11ac-55b9-a943-8142f4629187	20020731	1	900000000000207008	900000000000508004	1211867011	900000000000548007
7ca83761-304e-5173-9dfa-1927ead10023	20120731	1	900000000000207008	900000000000508004	2915821014	900000000000548007
7f70bf4f-8b54-5de4-a879-6f6ad0b6d885	20020131	1	900000000000207008	900000000000508004	422193012	900000000000549004
7f9a84c4-4bc2-407c-8dd0-e5c2848671ab	20120131	1	900000000000207008	900000000000508004	2913283017	900000000000549004
7fc4c5ff-1668-52a1-9e8c-3a72cf029bac	20040731	1	900000000000207008	900000000000508004	2476048010	900000000000549004
80bdea1d-88c0-56d1-b638-b53b654ea12a	20060731	1	900000000000207008	900000000000508004	2614720012	900000000000548007
81311c21-d12e-58b2-89a6-bf7e17d1294a	20080731	0	900000000000207008	900000000000508004	623784016	900000000000548007
8211d623-d3a8-56a3-baa9-31ea9127efec	20120731	1	900000000000207008	900000000000508004	2915894013	900000000000549004
82697aad-68fa-5cfb-8e98-2fcc702ef791	20070731	1	900000000000207008	900000000000508004	2673976016	900000000000548007
8462074e-47a9-572e-94db-93399ab0d367	20030731	1	900000000000207008	900000000000508004	1785086012	900000000000549004
858690ec-021a-5585-80f3-c02707242d5d	20070131	0	900000000000207008	900000000000508004	740865016	900000000000548007
85a9a23e-5c07-58aa-b48a-0f26cf670f9c	20020131	1	900000000000207008	900000000000508004	29693013	900000000000549004
86f76545-a95c-5dd5-8a8a-d3c37a576656	20020731	1	900000000000207008	900000000000508004	1222146011	900000000000549004
88c57830-854d-5bf5-bd9c-60ba507c7b26	20120731	1	900000000000207008	900000000000508004	2915940019	900000000000549004
8928c167-e750-5e11-9055-2ac7c4d787e8	20020131	1	900000000000207008	900000000000508004	142212017	900000000000548007
89b46c54-8655-59e6-8a41-09d52e41dc03	20020131	1	900000000000207008	900000000000508004	655464018	900000000000548007
8a2c6f63-99b9-52ac-886c-668b542c3c35	20020131	1	900000000000207008	900000000000508004	59657014	900000000000549004
8b96a05f-a658-5769-ae74-0022e8fa4fd7	20020131	0	900000000000207008	900000000000508004	188913014	900000000000549004
8bbfb753-9780-5c98-8e6c-59f4c8a24f91	20080131	0	900000000000207008	900000000000508004	83355011	900000000000549004
8c1cd6e3-0969-5b00-81ef-b2a6108b927b	20020131	1	900000000000207008	900000000000508004	745233013	900000000000548007
8c66e523-0948-5b1a-b6ea-fb6e950c5f39	20020731	1	900000000000207008	900000000000508004	1226917015	900000000000549004
8d0cb2a5-7649-5fa1-91a2-a356146fc83b	20020131	1	900000000000207008	900000000000508004	499076016	900000000000549004
8d10bd04-c6f3-5538-87a5-e75bf12ccc1e	20020131	1	900000000000207008	900000000000508004	708557013	900000000000548007
8dab3578-185d-5637-8415-8b57359a0fda	20080731	1	900000000000207008	900000000000508004	2735592013	900000000000548007
8dacfea6-6c90-5c6b-a2a6-15dc0de260ed	20020131	1	900000000000207008	900000000000508004	20223018	900000000000548007
8e14cdcf-37c5-5254-aed8-a5808d5bafe9	20020131	0	900000000000207008	900000000000508004	138774015	900000000000549004
91c5169c-86d8-51e6-955c-2fd53feecac3	20020131	1	900000000000207008	900000000000508004	425023012	900000000000548007
91e17b9c-e65f-5a48-8097-3fe370269198	20020131	1	900000000000207008	900000000000508004	730902018	900000000000548007
933eb528-6b4b-5931-92f5-c766d2a2e004	20020131	1	900000000000207008	900000000000508004	674743014	900000000000548007
9482b3f3-622f-5b4d-89d4-368394d9c6cd	20020131	1	900000000000207008	900000000000508004	139584010	900000000000549004
94d416cf-dcbe-5f6c-8394-76f9c8d3ac20	20020131	1	900000000000207008	900000000000508004	652136010	900000000000548007
9548226d-4303-5a73-9866-24add2f240f9	20020131	1	900000000000207008	900000000000508004	98738010	900000000000549004
95738b62-9d49-5f6b-85df-72a1280cd1a8	20060731	0	900000000000207008	900000000000508004	567482015	900000000000548007
96b7f6f7-f98c-5efa-a436-2c1caf29c08e	20020131	1	900000000000207008	900000000000508004	679911017	900000000000548007
973b8742-5b61-553c-86db-09ceb8aff930	20030131	1	900000000000207008	900000000000508004	1495341014	900000000000549004
97dd5a6f-4019-5fcb-96d1-a14dada9364c	20040731	0	900000000000207008	900000000000508004	652597010	900000000000548007
9808b26d-9382-5f1d-880a-50238d2a893c	20020131	1	900000000000207008	900000000000508004	388408019	900000000000548007
99412734-60ec-5d57-a767-ecfd8b0354e3	20020131	1	900000000000207008	900000000000508004	577108012	900000000000548007
996bb7bb-2488-53e6-adf8-bed029e04955	20080731	0	900000000000207008	900000000000508004	101016013	900000000000549004
999f28ce-050f-5b21-82ea-411f733df625	20020131	1	900000000000207008	900000000000508004	127583017	900000000000548007
99fa64ad-e3ac-5c40-8ab6-bcbf2fac68f7	20020131	1	900000000000207008	900000000000508004	45148019	900000000000549004
9b07e33e-ae4c-5041-8df6-deaca431666d	20020131	1	900000000000207008	900000000000508004	386881014	900000000000548007
9b2a9b7f-a629-5247-bfb7-c8b3cadb698f	20020131	1	900000000000207008	900000000000508004	45150010	900000000000549004
9c8356c8-c02a-5fdb-8ffc-2b8b45ee7e84	20060731	1	900000000000207008	900000000000508004	2606413010	900000000000548007
9c9c3fd1-6fe7-5f3b-ac98-bee0480d65de	20030131	1	900000000000207008	900000000000508004	1490218018	900000000000549004
9dcc881c-337f-5815-8729-ff36d591dc10	20020131	1	900000000000207008	900000000000508004	195073019	900000000000548007
9e9088b2-df08-5582-9bc1-96e7e6e21d51	20020131	0	900000000000207008	900000000000508004	143124013	900000000000549004
9f5c8286-9544-5d09-86ea-aa7c8e11eba9	20120731	1	900000000000207008	900000000000508004	2915760019	900000000000548007
a0836412-f4dc-5425-9312-080186eb7244	20120731	1	900000000000207008	900000000000508004	2915902017	900000000000549004
a13b647a-650b-5e1d-a6b2-f7f00c49e0a3	20020131	1	900000000000207008	900000000000508004	805871010	900000000000548007
a1718b14-7bef-5e17-94fa-6b5e497f3094	20020131	1	900000000000207008	900000000000508004	198229013	900000000000549004
a242ffa6-1ce4-5cac-bc9f-6be861fb1527	20020131	1	900000000000207008	900000000000508004	665999013	900000000000548007
a3dcae02-182b-5060-9b43-614f598c1dc8	20060731	1	900000000000207008	900000000000508004	2618787017	900000000000549004
a4caf0ec-7e24-550c-a3b4-77637151b017	20020131	0	900000000000207008	900000000000508004	37295013	900000000000549004
a4d6b52f-31c3-5778-9dce-1e887b96cf27	20020731	1	900000000000207008	900000000000508004	1230862016	900000000000549004
a4e6ef58-e25e-5f50-ae2a-227f1c68f8df	20020131	0	900000000000207008	900000000000508004	134580015	900000000000549004
a596bd6b-74b7-5a6b-a5ee-b7c18deba6ab	20020131	1	900000000000207008	900000000000508004	73899017	900000000000549004
a5c7bd75-a88a-592e-b75f-3c0183dbcb8f	20020131	1	900000000000207008	900000000000508004	619723016	900000000000548007
a6e1fc2f-7561-5cf7-ada6-f229b27aedf7	20020131	1	900000000000207008	900000000000508004	45144017	900000000000548007
a95bf246-7d51-5404-8bd0-5a0eafd07f42	20020131	0	900000000000207008	900000000000508004	152648018	900000000000549004
a9aaea7a-cd4a-51bc-8908-f7dff617edcb	20020131	1	900000000000207008	900000000000508004	732252014	900000000000548007
a9eb27f7-cf8c-58db-88f7-d1af13e84e14	20020131	1	900000000000207008	900000000000508004	73895011	900000000000549004
aa1c43a9-b92f-5f78-98ae-b82011d09c6b	20030131	1	900000000000207008	900000000000508004	1485062017	900000000000548007
aa569e46-3f98-563a-adbc-c44b9d6e732a	20020131	1	900000000000207008	900000000000508004	387926014	900000000000548007
aae0893f-4e54-5067-9fac-9aeaf3a19cb5	20020131	1	900000000000207008	900000000000508004	83996017	900000000000549004
aae96844-979f-5872-8813-12b1b8dbbd00	20020131	1	900000000000207008	900000000000508004	30203013	900000000000549004
ac72ed9b-f536-5832-9598-109672576133	20020131	1	900000000000207008	900000000000508004	415308011	900000000000548007
acead8c7-3f91-5ea7-8e9b-2694be3c20b3	20020131	1	900000000000207008	900000000000508004	477746018	900000000000549004
ad1ac9b9-1d0a-5dd6-bef0-d0d63fa5d11e	20020131	1	900000000000207008	900000000000508004	66586016	900000000000549004
ad474d6b-65e5-5d5d-a7db-db69127b18bf	20060131	1	900000000000207008	900000000000508004	2575865015	900000000000548007
addf5960-8f95-5e2c-835a-e15824176e95	20020131	1	900000000000207008	900000000000508004	699997014	900000000000548007
aef56cd5-8dbb-5811-8d70-06dda8f638e3	20020131	1	900000000000207008	900000000000508004	125176019	900000000000548007
af234f4b-34b0-5dd4-9ad0-3b607003a939	20120731	1	900000000000207008	900000000000508004	2916611012	900000000000549004
af5a355e-f78b-568a-a5c5-1292037f7a7e	20020131	1	900000000000207008	900000000000508004	418179014	900000000000548007
af5bad65-f804-5d9d-b225-af101c58ccb1	20120731	1	900000000000207008	900000000000508004	2915635013	900000000000549004
af888e63-5ad0-58ca-aabc-185e8dde179c	20020131	1	900000000000207008	900000000000508004	372376019	900000000000549004
b2518cdd-0cb4-5bff-9526-f3ff1defbd7b	20040731	0	900000000000207008	900000000000508004	787788013	900000000000548007
b27ec132-697c-5d94-b727-37ec4058222f	20020131	1	900000000000207008	900000000000508004	83358013	900000000000549004
b28018bf-fbde-53f7-b2d9-e7bee846086a	20020131	1	900000000000207008	900000000000508004	391064015	900000000000548007
b2dd9083-b006-586f-a338-f64cfae6caa6	20020131	1	900000000000207008	900000000000508004	677446013	900000000000548007
b3d60f4a-1562-5c71-b408-aea639e92d84	20020131	0	900000000000207008	900000000000508004	27678019	900000000000549004
b4b5d8e2-09bf-5f72-a55b-0f3ec26dd91b	20020131	1	900000000000207008	900000000000508004	757512010	900000000000548007
b6567e93-7817-55bc-a49d-5fdd24641959	20020131	1	900000000000207008	900000000000508004	120712017	900000000000549004
b73f19cc-5ae4-5a9f-9a08-e2b94d339350	20080731	0	900000000000207008	900000000000508004	746145016	900000000000548007
b8791fce-cac6-5613-b30a-05c242e3d0f7	20020131	1	900000000000207008	900000000000508004	30202015	900000000000549004
b93b73fb-4491-5056-81fb-ff3330946524	20020131	0	900000000000207008	900000000000508004	59164010	900000000000549004
ba0d18f6-5193-5b99-9355-d5efc60f6ac3	20020131	1	900000000000207008	900000000000508004	497770014	900000000000549004
ba68d24a-78e3-531a-ae4a-ce48dd1d6729	20020131	1	900000000000207008	900000000000508004	2882283017	900000000000548007
bb31d073-8ecd-5b96-830c-132dba696243	20020131	0	900000000000207008	900000000000508004	73898013	900000000000549004
bbc2938a-a3d7-503f-b2c7-6eafda5a24b2	20130731	1	900000000000207008	900000000000508004	2968037017	900000000000549004
bd6892fd-a61c-546c-b90c-574990504e3f	20020131	1	900000000000207008	900000000000508004	37296014	900000000000549004
c041653e-fe32-549b-8858-3153c5141225	20030131	0	900000000000207008	900000000000508004	415309015	900000000000549004
c1262f8a-0267-500c-9a1a-42d8df98b487	20050731	1	900000000000207008	900000000000508004	2553873010	900000000000549004
c1d5ec70-8f17-56d0-8876-c997b50e9c76	20020131	1	900000000000207008	900000000000508004	503383015	900000000000549004
c3db9fba-6d2c-50b1-a5e4-ee7dc95373f3	20020131	1	900000000000207008	900000000000508004	27680013	900000000000549004
c3f8edd3-73b9-5831-b205-53edfda77478	20020131	1	900000000000207008	900000000000508004	473406014	900000000000548007
c3fbf310-094d-54ba-989e-b27a6739102a	20040731	1	900000000000207008	900000000000508004	2475551018	900000000000549004
c43155b0-14ff-5748-9418-049cba012186	20120731	1	900000000000207008	900000000000508004	2915657018	900000000000548007
c4b7ec9a-24f9-5e86-b1fe-a78bacb1c221	20020131	1	900000000000207008	900000000000508004	391062016	900000000000549004
c523cc0b-55b3-545e-b959-90e9d8827de2	20020131	1	900000000000207008	900000000000508004	497767010	900000000000549004
c5f1403f-6a93-5df9-8767-07f3d35154eb	20020131	1	900000000000207008	900000000000508004	652682018	900000000000548007
c7bcf7e4-2a6a-5dee-b540-a580197686ea	20020131	0	900000000000207008	900000000000508004	139583016	900000000000549004
c7be5460-2ade-5f28-8406-819ca0eefd1b	20020131	0	900000000000207008	900000000000508004	59654019	900000000000549004
c901f7da-bd2a-5de5-a15a-6ecfb9ffd958	20120731	1	900000000000207008	900000000000508004	2915565010	900000000000549004
c939f11d-8bc0-5f22-9a10-faa612fbf48d	20020131	1	900000000000207008	900000000000508004	391063014	900000000000549004
ca2bd531-a306-5dac-bfa9-35b1e5575d64	20020131	1	900000000000207008	900000000000508004	743350010	900000000000548007
caf74ebd-e8be-528f-abcf-6c28d363f5c4	20140131	0	900000000000207008	900000000000508004	2666089018	900000000000549004
cbb0d742-c772-5c85-97b6-7d9f06ee73a3	20060731	1	900000000000207008	900000000000508004	2622759017	900000000000549004
cc5c1c9f-83b3-54f5-b5ce-b7a6b9a0a38c	20020731	1	900000000000207008	900000000000508004	1199003019	900000000000548007
cc833610-86f8-57ef-8959-e408a4c94fd5	20020131	1	900000000000207008	900000000000508004	444203017	900000000000548007
cc91f0a8-e792-5d70-8ded-30bf3675eb3c	20120131	0	900000000000207008	900000000000508004	2609657018	900000000000548007
cd2ae71e-0e37-54bb-9e2e-eb5b2b992afd	20020131	1	900000000000207008	900000000000508004	418180012	900000000000549004
cdd85583-5dd3-54d2-bee9-1ad353e31e58	20020131	1	900000000000207008	900000000000508004	347287014	900000000000549004
cdf943ed-71a7-57e7-8ae7-fbc267a46007	20060131	1	900000000000207008	900000000000508004	2577001012	900000000000548007
cfaf53c6-3f89-5fe5-b1ab-4a332bbf83c9	20020131	1	900000000000207008	900000000000508004	138773014	900000000000549004
d1ec67c8-eea0-5ffc-88d2-10801621a807	20020131	0	900000000000207008	900000000000508004	45147012	900000000000549004
d209a85b-253e-5966-bdcd-f3d7eff39d6a	20020131	1	900000000000207008	900000000000508004	421874011	900000000000548007
d2a1f2d6-801b-557b-8a91-763bbb69ffdb	20040731	1	900000000000207008	900000000000508004	2474945014	900000000000548007
d2a4ddfe-d17f-5020-9a9b-fcc8022294e9	20070131	1	900000000000207008	900000000000508004	2642866015	900000000000548007
d3b740c2-ba7a-5e7a-92a9-2ab05b88a0e8	20020131	1	900000000000207008	900000000000508004	190711015	900000000000549004
d3ccf0bf-6096-5bad-bee0-01eefa2d878c	20050731	1	900000000000207008	900000000000508004	2551027017	900000000000549004
d438e9cb-ea8f-5d2f-a826-c956c95549b6	20120731	0	900000000000207008	900000000000508004	2158881017	900000000000548007
d44141e0-2480-57e3-ad4f-c6411c705bf2	20050731	1	900000000000207008	900000000000508004	2550845014	900000000000549004
d48173d3-3dd0-526c-ae04-6835c94f5997	20020131	1	900000000000207008	900000000000508004	308241015	900000000000548007
d58fef8b-4ac5-5872-8c98-b3ca79ea5d15	20020131	0	900000000000207008	900000000000508004	101015012	900000000000549004
d5ca1bb5-bb45-51b6-9781-868744c47ee4	20020731	1	900000000000207008	900000000000508004	1219477019	900000000000549004
d65662ef-952d-59cc-85bd-73af0158faff	20020131	0	900000000000207008	900000000000508004	45146015	900000000000549004
d8911b95-10eb-556e-be14-cfa9307f3e36	20020731	1	900000000000207008	900000000000508004	1187554016	900000000000548007
d95d7cc3-9bcc-5722-bf9d-a302f6892c21	20020131	1	900000000000207008	900000000000508004	497769013	900000000000549004
dc1782b3-d154-559b-9114-54e23bb8158a	20020131	1	900000000000207008	900000000000508004	98734012	900000000000549004
dc6b3ce3-9104-5e54-81bd-55e0eea052bb	20020131	0	900000000000207008	900000000000508004	27681012	900000000000549004
ddd3089e-05b3-5695-a14a-62c63a4459b0	20020731	1	900000000000207008	900000000000508004	1220700010	900000000000549004
dea2ea3c-ec47-5155-94f1-3854d56791fb	20020131	1	900000000000207008	900000000000508004	387928010	900000000000549004
debf2da3-2372-56d4-8e98-d49f1d34e971	20060731	0	900000000000207008	900000000000508004	542615016	900000000000548007
df0faf65-26ce-55c5-947f-2d925d6019fe	20020131	1	900000000000207008	900000000000508004	442442018	900000000000548007
df852955-631c-554a-b8de-61c94ce1a6a9	20020131	1	900000000000207008	900000000000508004	27679010	900000000000549004
dfd0c556-65d9-5220-9c8a-e0e0d2acec48	20080131	0	900000000000207008	900000000000508004	1208708012	900000000000549004
e0b15fc6-145f-5b44-93c4-4fb4925a36f6	20020131	1	900000000000207008	900000000000508004	59163016	900000000000549004
e107878b-f23c-572c-941c-e0ddc5f028c2	20020131	1	900000000000207008	900000000000508004	372375015	900000000000548007
e12344b4-446f-5a35-9365-0bd42bef8eb6	20120731	0	900000000000207008	900000000000508004	2158805012	900000000000548007
e20afd72-67b8-54be-b6c2-e152e671251d	20020131	0	900000000000207008	900000000000508004	66587013	900000000000549004
e2134b0e-f7b0-5b5f-b819-8983a3964725	20020131	1	900000000000207008	900000000000508004	386711010	900000000000548007
e27121e5-0d86-5823-90bd-eed8dccd156c	20050731	1	900000000000207008	900000000000508004	2546815012	900000000000548007
e38493b3-fd5f-5b6f-9343-30bdb9713795	20020131	0	900000000000207008	900000000000508004	188914015	900000000000549004
e42c6ec4-c8d5-5169-9dce-762de063cd64	20020131	1	900000000000207008	900000000000508004	730565011	900000000000548007
e4503efd-2281-578b-a7c8-ecf96e1792ff	20020131	1	900000000000207008	900000000000508004	124842015	900000000000549004
e47ed795-1507-55ab-99ff-4f0f337bb266	20120731	1	900000000000207008	900000000000508004	2916548014	900000000000549004
e54aed88-620d-57ed-a92d-80629ca45dfb	20020131	0	900000000000207008	900000000000508004	59656017	900000000000549004
e56f0de5-3fe9-5613-9155-a717237a08c4	20020131	1	900000000000207008	900000000000508004	30201010	900000000000549004
e628e624-b88c-52db-9fbb-b481246e06f4	20020131	1	900000000000207008	900000000000508004	503384014	900000000000549004
e629f21f-5cb1-5783-937a-39f71509e2b5	20070131	1	900000000000207008	900000000000508004	498434012	900000000000549004
e6fedcc7-8f87-5c6c-9373-98f065ad3111	20020731	1	900000000000207008	900000000000508004	1219475010	900000000000549004
e7b5fa46-f43b-5bba-94aa-90cb7f80a4dd	20040731	1	900000000000207008	900000000000508004	2462451013	900000000000548007
e82b9209-a2f5-5f1e-b686-97035ae4b3b0	20020131	1	900000000000207008	900000000000508004	781412014	900000000000548007
e8a7cc89-5d66-5495-b9f1-fc62fbd68956	20020131	1	900000000000207008	900000000000508004	444563019	900000000000548007
ea195dbd-2330-50d4-8c3f-3cdd12f2d7d0	20020131	1	900000000000207008	900000000000508004	499075017	900000000000549004
ea8cac19-7d20-5413-88f9-d5dd478b1ecf	20020731	1	900000000000207008	900000000000508004	1235125018	900000000000549004
eb68e20e-3f17-5d63-87dd-cca17e8e19c6	20020131	1	900000000000207008	900000000000508004	751601013	900000000000548007
ed443a36-a0ec-5e95-a678-1ebad2408d3c	20070131	1	900000000000207008	900000000000508004	2638592010	900000000000548007
ededc6da-4d9b-5a6d-82c4-9729a0a32dac	20040731	1	900000000000207008	900000000000508004	2474886015	900000000000548007
ee7be762-0773-59bc-8545-a20c6696ce0d	20020131	1	900000000000207008	900000000000508004	815968011	900000000000548007
eebe105d-0e68-5cfc-9793-d57ef87cb372	20020131	1	900000000000207008	900000000000508004	752599014	900000000000548007
ef11d0e3-c105-539e-98f0-2263cfa8b2c6	20020131	1	900000000000207008	900000000000508004	640031017	900000000000548007
f01015b8-0e81-55d1-8ce9-76fec213efb4	20020131	1	900000000000207008	900000000000508004	825361013	900000000000548007
f0137cb0-2b50-5486-bfef-de576faed7b1	20020131	0	900000000000207008	900000000000508004	83993013	900000000000549004
f24a048a-3076-5087-b873-2c8327aaccc6	20020131	1	900000000000207008	900000000000508004	422694019	900000000000548007
f3756073-09ed-5c0b-8955-4be90cec4fbc	20020131	1	900000000000207008	900000000000508004	73900010	900000000000549004
f383ce63-2dde-5340-b3de-8aa8f1b99f9e	20020131	1	900000000000207008	900000000000508004	800722012	900000000000548007
f4b04e5d-e294-588b-978d-2bbe2be0d263	20120731	0	900000000000207008	900000000000508004	2150994017	900000000000548007
f5349f34-d37b-55a4-a84f-b51465320f6a	20020731	1	900000000000207008	900000000000508004	1235124019	900000000000549004
f645af10-d66f-582e-b92a-05aca4ebd6bb	20120731	1	900000000000207008	900000000000508004	2916605014	900000000000548007
f6c026fd-158b-5ab3-a919-a3a8cda4a2cd	20020131	1	900000000000207008	900000000000508004	143123019	900000000000548007
f78dc531-3423-5da7-bf62-cbffaf0aa3db	20020131	1	900000000000207008	900000000000508004	27675016	900000000000548007
f8361ae4-1f34-54cb-ab4e-eb1c5dd19d98	20020131	0	900000000000207008	900000000000508004	59165011	900000000000549004
fb44251e-744c-5708-b3a8-ade2e3e82820	20020131	1	900000000000207008	900000000000508004	493848015	900000000000548007
fb5b1c86-65b2-5343-b71b-6bb9751d2d61	20020131	0	900000000000207008	900000000000508004	148374016	900000000000549004
fb6d8e19-1c73-5c41-b5a7-55fc265a8fba	20120731	1	900000000000207008	900000000000508004	2915366010	900000000000549004
fb7e5ccc-1703-54dc-8641-886512da88a7	20080731	1	900000000000207008	900000000000508004	352750017	900000000000549004
fba2eed2-3472-55f0-a876-5b3bb697aff1	20020131	1	900000000000207008	900000000000508004	812972017	900000000000548007
fc1424e4-e954-52a6-b022-f4eba41fd8e0	20020131	1	900000000000207008	900000000000508004	294810017	900000000000548007
fcfa0a96-4a70-5f42-831d-4e42d4a2c548	20020131	1	900000000000207008	900000000000508004	443421014	900000000000548007
fe6fc5de-fb44-5e0c-b576-ba0cacddc9fa	20020131	1	900000000000207008	900000000000508004	45152019	900000000000549004
fed5a7dd-2f9e-5966-92f2-d5404d993118	20020131	1	900000000000207008	900000000000508004	120708011	900000000000548007
fed8be8c-6fa7-50e3-b329-0df4493046b1	20020131	1	900000000000207008	900000000000508004	835663014	900000000000548007
ff9751e6-1c22-52e4-8b7d-23c20523d5b7	20020131	0	900000000000207008	900000000000508004	59655018	900000000000549004
ffb57221-15e0-5bb0-aad7-687c8e5892ac	20020131	1	900000000000207008	900000000000508004	700376013	900000000000548007
ffc92eba-cc10-51a0-9cfa-c16590c8ac71	20020131	1	900000000000207008	900000000000508004	500825015	900000000000548007
