10001005
10013000
10052007
10137002
10200004
102274008
102275009
102276005
102283003
102287002
102292000
102299009
102302009
102303004
102314001
10249006
102747008
102751005
1028005
102957003
103011009
103069003
103267008
103335007
103366001
103367005
103368000
103369008
103370009
103371008
103372001
103373006
103374000
103375004
103376003
103377007
103378002
103389009
103391001
103421006
103424003
103429008
103625009
103629003
103677003
103693007
103698003
103716009
103735009
10410005
10443009
105455006
105456007
10546003
105480006
1055001
105590001
105592009
105597003
105606008
105615001
105616000
105631009
105633007
105635000
105645003
105649009
105715005
105723007
105724001
105726004
105727008
105729006
105785002
105788000
105789008
105793002
105816002
105818001
105819009
105820003
105821004
105822006
105824007
105826009
105828005
105837005
105839008
105840005
105845000
105851005
105853008
105854002
105858004
105859007
105860002
105865007
105885006
105918002
105924008
